2055
98 2794 37
1234 2357 18
3826 1608 7
3826 5050 7
5900 90 34
1642 3382 32
3373 3049 15
179 1984 7
2002 469 6
2388 2438 154
2388 2436 18
982 5845 7
5649 32 48
2055 1503 156
1754 3794 29
1754 7468 29
270 3149 7
2563 12317 24
2168 816 13
3343 1468 8
6046 90 60
1827 1909 10
69 1704 7
377 10459 7
4856 8130 26
1031 8030 42
4688 131 17
2687 8895 76
2693 3628 20
955 8774 47
502 10891 7
2769 8312 29
2769 1131 29
4450 2281 6
1155 862 17
1155 12744 6
4055 7924 50
2017 2202 10
506 10219 92
506 4373 92
3485 420 62
2012 1162 65
2187 6792 6
2215 32 48
330 308 15
4656 32 48
578 358 10
1513 8546 7
3780 2978 29
3780 8097 29
3652 550 19
3201 6919 7
166 559 19
2658 5782 7
4069 1305 105
4500 2358 9
1551 10398 18
2147 592 66
271 3869 30
6615 216 15
1253 9020 71
3046 9862 42
375 7157 20
557 6819 19
3481 2948 26
1389 7577 7
4076 10033 19
2488 434 85
527 90 60
4388 160 100
865 34 136
2733 419 29
2733 181 29
360 776 19
30 1327 66
7415 62 25
3228 372 47
98 6547 37
4638 4675 20
5534 4 107
1201 350 155
2055 5852 94
1468 3343 8
1195 690 86
8615 4037 6
270 1132 7
1398 4272 6
6046 1974 19
1971 607 13
2429 3779 20
69 9022 7
7213 853 13
377 7213 7
1126 5753 7
1071 6508 7
1276 774 118
499 4756 7
1198 9866 47
2127 90 60
2687 3371 76
2687 7850 76
1410 2394 157
1830 3647 29
2053 9360 6
7274 2646 14
2719 2123 17
3043 1580 38
2769 834 29
2465 1325 27
4055 7262 50
587 10376 89
739 9151 7
4726 993 13
101 249 106
101 1585 13
233 6789 27
926 4 31
3250 9433 7
2115 1970 13
817 1002 17
1513 1113 47
1513 6678 47
390 6449 19
4963 6063 7
831 3165 20
1174 1237 19
1174 90 60
3652 460 19
543 6974 7
447 3498 22
2815 4472 20
65 9794 27
1193 2960 19
284 1192 17
4974 3885 66
324 10952 15
5664 434 85
826 971 7
5010 1124 66
2773 230 7
2773 3300 7
1990 2763 7
53 4502 22
557 90 60
5382 4206 27
4388 9314 21
437 1271 9
360 12824 19
299 2068 157
3028 1585 58
7415 1163 168
4683 2736 101
7466 243 17
3169 7130 22
2810 2067 6
4907 4357 59
7265 5214 23
595 9503 71
1201 622 13
2875 6903 27
1704 342 26
1014 2033 37
1014 11606 37
1014 6423 37
6104 1121 19
240 8749 47
6753 1859 92
999 2495 7
1857 7957 10
2492 212 41
1535 9865 6
2116 5923 7
2116 2024 10
7213 4316 86
7213 274 13
4295 55 32
3324 3795 71
7160 8575 20
3016 5417 76
4688 1271 134
7274 3485 13
1155 9322 8
4055 10600 50
2578 12384 68
2012 302 171
255 11822 38
4656 10066 6
831 5603 20
447 11752 101
2815 7373 20
4196 1361 13
4825 2532 19
3484 3485 13
5263 1150 8
5664 8513 6
2610 8155 7
1808 9504 7
2147 559 19
4093 1771 82
1253 802 71
3046 1030 42
375 9566 20
375 6073 20
1662 553 6
407 62 25
9150 9600 27
671 578 19
2733 853 29
2879 6386 220
80 3740 8
3183 1207 22
4432 60 17
513 7125 35
1399 2984 30
2892 2149 19
2892 4880 6
2668 32 48
595 4495 71
595 5522 71
5491 11670 27
1468 6123 48
1489 6404 7
1014 13104 37
1195 10464 30
8615 5724 6
1754 5349 29
3248 2878 2
579 8209 27
270 5908 7
999 7803 7
327 10523 7
327 958 7
3663 156 20
377 3632 7
1685 62 25
7160 3215 20
1071 10449 7
2371 5528 140
2193 327 19
2263 9848 6
2033 4005 220
1938 5979 32
177 1335 6
499 1259 7
2037 32 48
588 939 22
7371 342 26
154 597 41
587 1464 89
5181 1900 6
506 12223 92
2578 6624 68
293 1059 73
3232 897 140
1513 1904 7
3794 57 23
831 4432 20
831 1375 20
831 4193 20
77 3910 7
3780 1394 29
4027 1704 6
4027 3892 6
2100 7687 7
6580 7461 7
6580 3005 10
3295 9319 45
2815 6979 20
2815 8427 20
313 3523 7
326 2960 19
4564 181 29
3484 1022 13
6629 6606 7
6629 5737 7
4998 183 26
2610 1699 7
4338 853 13
2773 1004 7
1840 2016 27
1990 6927 7
6615 13382 15
2324 2610 19
1189 2702 20
4341 4468 13
4341 449 13
5910 9175 6
4130 931 19
611 795 18
1171 6183 27
4388 434 85
1968 2863 27
1196 800 17
1774 29 14
1774 168 136
6736 4 31
299 4474 157
4028 10739 6
3068 3007 20
4683 11602 22
3169 8681 101
3169 716 22
594 2370 188
87 6340 32
4907 1028 59
483 2111 7
4294 862 17
3400 90 60
1201 2394 13
2222 285 19
6104 2799 19
3248 5902 2
579 4711 27
3179 6340 7
3179 4272 7
2429 5039 20
6449 345 10
2193 826 19
499 2154 7
2687 5039 76
475 1719 32
475 4211 32
475 7747 32
1830 11589 29
588 6476 101
588 2796 22
154 4213 19
2769 1304 29
4055 6903 50
4055 9664 50
4563 7182 55
14 481 7
587 756 89
2459 32 48
506 6733 92
2578 5348 68
1259 657 31
3655 2649 2
4118 32 48
2036 3348 10
831 614 20
2912 5493 42
4649 1081 10
686 1469 19
447 6579 101
447 798 22
2815 8084 20
2815 8318 20
313 1909 10
4825 2036 19
4974 862 17
324 2436 18
6629 7826 7
6629 4826 7
826 4274 47
2610 6502 7
4338 1046 13
545 62 25
3554 795 18
375 3896 20
1705 2550 195
5222 1709 19
611 11269 18
527 2153 19
484 53 89
9150 5628 27
2090 4468 29
865 1046 13
2733 208 29
2733 748 29
3068 2927 20
8086 382 28
87 659 32
2522 862 17
1234 9407 15
3826 9025 10
4907 10935 59
7030 3173 209
7265 4202 22
2388 7846 15
1201 6368 31
1201 90 34
1201 1405 13
2055 62 25
1743 92 13
240 5928 7
3663 7160 52
3663 3797 20
2429 11226 20
2429 3764 20
3127 160 198
1535 6919 6
7213 2394 13
4295 5280 32
3324 12339 71
2127 9244 8
2687 9509 76
2693 390 20
3032 160 232
3706 1162 65
1830 3176 29
2037 186 45
7274 181 13
3043 2294 6
588 4002 101
2769 308 29
2465 3040 27
4055 7742 229
14 2258 7
2578 9338 68
4726 816 13
2215 4646 45
2115 274 13
831 5039 20
831 4514 20
831 4377 20
3652 12796 159
2815 5493 20
2881 834 29
2773 4863 7
3646 3574 7
1551 2915 15
1457 2336 94
1990 5648 10
1189 9411 20
53 4596 22
3481 1585 13
484 7167 89
2733 622 29
360 5469 8
3068 9341 20
1845 3258 92
7415 1022 168
4683 4054 101
4683 594 101
3183 3835 101
3228 5632 47
279 3826 19
4432 1137 19
87 6167 32
6105 3753 19
6105 789 17
491 141 43
1234 2528 18
1642 1077 32
480 124 75
2388 3010 15
3148 210 41
1489 7933 7
1014 4965 37
1195 9534 13
1754 5406 29
270 1223 7
999 3821 7
4842 1302 152
2168 1237 30
3179 448 7
69 3950 7
7213 990 26
1071 4473 7
3016 1085 76
3016 557 76
3016 10070 76
4393 3517 6
2127 862 17
1467 549 140
1536 1665 85
4055 11343 50
14 4262 7
587 8798 112
5181 1759 19
5065 592 66
2187 2998 19
330 3464 15
2369 8252 7
5144 8112 92
39 10466 7
831 10154 20
3780 235 29
3780 419 29
1940 5030 92
284 14 19
2344 6011 7
4564 1080 29
6629 440 7
5263 32 48
166 7414 6
992 5004 230
545 943 7
5658 9509 20
1253 1101 71
2300 2065 7
2935 2425 7
557 32 48
484 11875 112
484 6037 89
1196 2018 21
2015 14237 94
3408 12563 15
80 983 6
3169 2119 22
2855 90 60
7030 5395 21
3373 13802 15
394 862 17
483 1132 7
483 6084 7
483 11455 10
7265 11322 22
982 5800 7
982 6011 7
5491 8518 27
5649 3826 19
1695 12905 15
1695 12590 15
270 1018 7
2563 8401 6
999 3430 7
999 958 7
5630 3370 19
3663 6835 20
3179 3479 7
1971 3257 31
69 6337 7
7213 10107 115
1276 57 23
3016 4432 76
4513 6439 6
2687 6597 76
1536 1393 66
1830 3590 29
588 224 61
588 8151 22
1155 6571 3
3860 215 17
4055 11121 50
4055 3125 50
587 2367 112
281 434 85
739 6170 7
1987 1267 42
233 1920 27
2215 393 17
330 308 78
3794 891 23
4118 141 43
831 9548 20
5237 4022 63
77 8873 7
3780 1163 29
1240 1244 75
6580 440 7
543 1994 10
3201 6581 10
2815 9566 20
2815 3490 20
2815 7514 20
313 6836 7
65 144 27
4825 8116 6
284 215 17
326 3885 224
4564 235 29
4998 945 13
1800 774 118
5397 1276 70
1562 10060 15
5910 78 6
1646 9150 10
5382 11646 27
4388 46 19
1774 449 13
3408 2822 15
7466 2630 19
3169 2957 22
3228 5471 47
98 382 37
2855 2820 19
5900 2046 13
1642 3519 32
3303 1000 20
1201 2600 13
1857 3075 7
3179 8684 7
18 8898 42
4513 9197 6
499 1896 7
1198 959 47
475 9910 32
2053 8531 45
3043 1580 6
7371 274 13
502 5979 7
4055 3847 50
587 7910 89
101 6561 13
3250 3479 7
330 13544 15
4656 1730 17
817 10213 224
2036 2447 7
5237 3954 63
5237 7690 63
5237 9159 63
2912 2700 9
3780 8754 29
3780 474 29
4649 12041 7
4649 1994 10
313 544 7
1193 1893 45
2344 5374 7
2610 4913 7
2773 4719 7
3646 2470 7
1253 5320 71
954 836 15
1189 4514 20
1646 6589 10
865 13553 106
2733 3647 29
3408 9257 15
43 6386 220
2522 9488 19
98 1260 37
5900 637 13
3303 1976 20
595 3768 71
2806 7018 148
2806 14166 15
1489 6471 7
1743 158 13
1743 3485 13
1743 27 13
8615 4210 8
270 2115 7
2965 570 9
6046 5311 6
3179 7641 7
1971 1361 13
2429 1338 20
3127 13784 158
3324 4472 71
4856 64 26
4268 3885 224
1049 2202 10
2033 6386 220
7699 8324 32
1938 525 38
2687 1859 76
475 4142 32
1830 3827 29
2053 651 8
2719 3753 19
588 869 22
588 12179 22
4061 4094 6
587 9915 89
739 1335 7
2578 3879 68
1040 1079 6
4726 622 13
3939 9590 2
70 147 31
2187 10858 200
5613 384 43
578 5270 47
39 943 7
3780 1361 29
3780 1744 29
3056 32 48
6580 4856 7
6580 10459 7
2815 5316 20
4825 3026 6
284 1654 19
4645 6892 42
2317 5708 32
5263 1048 45
4998 4362 84
5664 8179 21
1808 40 7
1457 9623 148
2319 2127 8
1253 32 151
3046 5030 92
1189 4603 20
1189 6957 20
53 9078 22
450 4043 65
1705 1059 73
4388 672 8
484 4813 89
671 2612 19
2879 2879 190
7415 8576 168
4683 4081 217
4683 5216 22
4683 4320 22
2855 5189 8
7265 9073 22
2892 721 19
982 5651 7
982 1223 7
6104 3571 19
6753 10462 92
2780 5630 122
4842 274 152
1857 364 7
327 1838 7
2168 607 13
6046 559 19
3663 1685 20
1971 274 13
6123 92 218
7213 1164 13
7160 5179 20
6398 3075 38
1031 1325 42
2127 32 48
2693 4567 20
3032 8293 38
7467 3465 69
739 3802 7
506 9983 92
2403 4992 8
233 2543 27
2115 1877 26
39 5457 7
831 6733 20
3989 419 157
2815 8947 20
1232 1327 66
313 1919 7
4196 2394 13
4825 4794 6
326 434 85
626 10813 163
5263 1049 19
4338 1682 13
2147 2434 8
3554 8271 15
1990 4121 10
4093 434 85
1253 214 71
375 5118 20
53 6590 101
53 227 22
3481 4474 13
1389 4802 7
1171 4371 27
865 844 31
3068 4021 20
30 2636 19
4683 3480 22
4358 2215 122
3183 4237 22
2379 1002 17
4468 4494 0
394 721 19
3303 8084 20
2668 818 17
3439 1084 75
1743 68 13
1754 308 29
2780 2849 156
2083 536 19
1431 2461 107
838 11089 7
838 679 7
327 1984 7
2168 1276 13
2429 8412 20
7213 1936 26
3324 2188 71
3016 8060 76
1198 579 10
4061 333 19
2465 8112 27
7467 1914 73
587 5946 89
5181 32 48
281 4285 21
281 967 17
4044 6992 42
2578 3161 68
3250 1888 7
255 4897 6
2231 527 42
1513 111 7
4963 7755 47
2521 7245 8
1144 139 75
3201 6620 7
1193 2773 19
2773 6776 47
805 640 13
805 2091 13
1551 53 15
1457 1922 148
1189 2917 20
3352 155 2
4130 141 43
2351 1459 47
5382 4406 27
4388 592 224
2090 945 29
2792 4939 15
2015 5692 15
3068 1775 20
80 559 19
7415 293 168
7415 1712 168
491 1771 82
4907 2500 140
7030 7859 82
982 2502 7
595 3516 71
595 4732 71
550 1864 7
1201 9534 13
2806 791 120
1489 2264 7
1489 1003 7
8615 3959 19
2780 9093 122
270 88 7
270 1658 7
1431 494 91
3179 4465 7
3179 1774 7
2429 3281 20
69 7274 7
69 906 7
1685 4888 172
18 311 75
3016 3371 76
4513 559 19
499 101 7
2687 6334 76
3032 8293 6
1830 8677 29
2769 945 29
4055 5376 50
4055 10536 50
4563 2407 55
4563 3789 55
2017 4951 47
506 2086 9
101 3423 155
293 1914 73
2998 6311 7
3250 3773 7
330 2895 15
39 4196 7
390 6010 19
3204 7785 8
5237 6003 63
1174 2960 19
77 4480 7
3780 834 29
2815 5277 20
2815 9357 20
1179 293 13
2881 190 29
5664 406 19
992 181 13
805 1080 13
1840 2618 27
940 32 48
3554 12576 15
271 160 14
1253 425 71
3046 7896 42
375 4406 20
53 9289 22
6209 6747 27
6555 1921 19
407 215 17
484 12512 89
632 4474 157
2090 2282 29
4208 862 17
360 955 19
2565 1921 19
30 160 100
2379 5943 19
2810 9742 6
87 3693 32
4907 6635 59
179 5050 7
179 1075 7
5650 6380 42
595 2419 71
1695 11076 15
1754 6547 29
6753 9957 42
2965 5650 9
2168 658 31
2116 7803 7
1685 60 17
1071 7422 7
125 210 75
2687 7196 76
2687 6662 76
475 1173 32
5374 23 11
1357 3600 8
1357 3907 3
4092 6085 153
1830 2091 29
588 9980 22
2769 3808 29
2465 3591 27
4055 1326 50
281 4773 6
1987 2657 92
2214 2610 19
1301 382 13
101 293 13
2403 1002 17
3250 865 7
330 10234 15
330 1934 78
2115 2605 26
2115 158 13
390 2303 19
390 3230 19
390 7747 6
831 889 20
3780 8603 29
3780 3794 29
3780 27 29
3780 4682 29
4027 5742 6
4649 3052 7
4649 9807 7
917 62 25
4825 2344 19
4564 1585 29
6629 1615 7
2881 3466 29
1248 7895 7
2684 23 11
5658 6193 20
1840 1459 27
1022 1 0
6615 12609 15
3352 6966 2
1389 2878 7
484 588 89
631 3523 7
865 1280 13
2733 3794 29
6736 2759 172
299 11270 157
3068 948 20
5987 9014 19
98 11491 37
285 4111 7
285 2624 7
3373 8332 18
179 271 7
2892 1124 48
2892 434 85
2388 3878 15
595 11682 71
1704 202 13
3248 5152 2
270 1312 7
69 5614 7
7213 637 13
7213 3590 13
18 6976 235
3324 5086 214
3324 7515 71
1376 5207 75
1049 1171 10
2193 3179 19
1198 5491 10
2687 2211 76
2687 2662 76
2687 2985 76
2693 3236 20
3782 1313 31
3782 1046 13
154 141 43
2769 6281 29
2769 2734 29
4055 8020 50
4563 1999 55
2459 1962 19
2578 5213 68
2578 1247 68
2998 7488 7
3795 215 17
255 954 66
2115 1080 13
39 4915 7
39 11931 7
1513 4473 7
2036 1608 7
3204 434 85
3204 1911 6
6580 230 7
3652 243 17
543 8420 7
65 5069 27
4825 4241 8
4645 9411 42
826 8483 47
4338 3061 31
992 449 13
1663 4833 8
4069 592 203
4500 2486 75
940 2272 100
287 1405 58
1253 1997 71
9150 4868 27
360 2636 19
1774 1705 13
4028 4006 6
7415 1837 168
2522 1665 85
98 301 37
1277 5144 9
582 9880 15
4294 1192 17
7265 3232 101
7265 737 113
1201 3028 13
5649 2820 19
1014 13666 37
1195 1585 13
1743 658 31
1743 1304 13
240 2663 7
240 465 7
240 5088 7
2965 1834 9
6046 862 17
3663 6178 20
1971 622 13
69 6441 7
7213 1280 13
7213 13056 155
1126 3334 7
3324 758 71
4268 3278 119
1276 1 0
969 3452 75
475 8721 32
3313 2941 19
2719 570 41
154 3661 19
502 8068 7
281 6449 19
506 1716 92
233 2403 27
255 666 6
390 2399 19
5237 13422 63
1753 8029 181
3780 3590 29
3056 1327 66
3295 942 8
3295 862 17
3201 1403 10
447 2371 101
2815 5241 20
1179 208 13
4196 68 13
826 1838 7
4338 816 13
2773 3328 7
545 5810 47
320 3093 6
289 2149 19
1551 1424 18
1551 1806 58
1840 5025 27
2340 96 130
940 9722 8
2523 124 75
1990 1785 7
1990 1784 10
1022 2864 72
375 9866 20
53 5128 22
2300 7622 47
611 774 118
484 6476 112
2733 6411 29
2879 2034 148
4683 8830 101
4683 8995 22
4683 7723 22
5987 578 19
87 10449 32
1234 7198 15
4294 3912 6
7265 12624 101
7265 4601 22
982 1399 7
5491 3419 27
1201 4474 13
2875 2400 27
3148 2017 19
2222 2818 19
711 5023 10
270 983 7
270 11146 7
1971 1340 13
1971 119 13
69 7300 7
2116 8683 10
7213 119 13
377 603 7
6398 10752 158
3016 1841 76
2687 8863 76
3444 2636 19
2693 2400 20
4092 85 136
2719 4620 19
588 6790 101
7371 2410 13
502 4234 7
5181 1900 38
739 4795 7
4044 139 75
101 3028 13
101 23 11
2012 9029 163
39 2817 7
39 3608 47
2231 310 75
831 8592 20
5237 12769 63
261 4491 10
3989 56 157
917 2006 17
1285 2403 27
4564 11337 125
826 1468 47
1248 7304 7
3646 8625 7
3646 2124 7
1663 2274 66
2658 1653 7
805 2046 13
2147 2886 38
271 993 13
4093 6975 8
375 3128 20
2300 4333 7
3481 7044 136
5222 1665 85
4388 711 19
745 3641 19
2733 8500 29
3408 4485 15
1585 10234 222
607 420 62
7466 13480 66
3169 6105 22
2379 60 17
4638 539 20
4638 5283 20
4638 2701 20
3373 13105 15
7265 8644 101
642 2363 19
982 669 7
982 1339 7
1704 23 11
1695 10479 15
327 1658 7
2168 844 31
5630 131 17
3663 5443 52
3179 797 7
1971 92 13
6123 13487 15
7160 6105 20
1049 5491 10
2600 57 23
3016 2819 76
3016 1190 76
177 5004 6
499 11385 7
2687 8477 76
2693 8501 20
7274 640 13
7371 7044 136
2769 3590 29
739 8683 10
101 2770 13
233 11614 27
2012 2881 65
1974 3544 47
4963 6446 7
2036 1312 7
8164 5653 6
831 4646 20
5237 13260 63
3780 6816 29
3201 10804 10
826 7066 47
2308 8384 140
2016 60 17
6209 5628 27
80 6861 38
80 6861 6
3183 2367 101
3169 2018 22
8086 119 28
43 2849 156
7550 3073 8
7030 1121 19
483 4678 7
1201 377 30
2055 1922 148
492 1327 66
838 63 7
2168 2394 13
2492 32 48
69 296 7
7213 2646 14
18 4603 42
1031 1359 42
4513 4504 17
2687 7264 76
2693 4371 20
1830 6694 29
7274 637 13
2028 12166 20
4044 504 42
2403 5144 134
233 8518 27
926 4288 228
358 3136 27
4656 243 17
831 10046 20
831 5951 20
2815 2029 20
313 2070 10
65 4688 27
4645 6841 42
3484 640 13
3484 6814 84
1147 90 60
4998 1340 13
2658 3497 7
95 10671 222
5658 10023 52
5658 2872 20
906 4488 31
6615 62 25
2324 434 85
57 737 113
375 3779 20
53 4538 22
4341 3794 13
407 4115 19
3481 1098 26
527 5735 8
4388 2676 6
2733 8168 29
360 839 19
7415 6293 168
4683 32 16
5987 4765 66
3169 4722 124
3228 6359 47
8086 160 14
2522 4393 8
708 944 65
98 6755 37
1642 11079 32
3373 12632 15
483 2154 7
480 1245 75
2875 2433 27
5649 6204 38
1014 4706 37
3248 6985 2
3248 4745 2
5630 3112 19
5630 434 85
3663 5316 20
2429 7197 20
2429 6356 20
2429 530 20
3127 2535 3
1535 7201 6
69 5438 7
7213 62 25
377 5802 7
3324 10203 214
4856 1098 26
4268 32 48
2371 2736 188
6398 3461 158
1031 2545 42
2193 559 19
1938 5280 32
4393 559 19
2687 4607 76
3782 945 13
502 418 7
2769 8139 29
2459 311 41
506 7492 9
4044 6183 42
4726 1571 26
101 607 13
5065 862 17
358 1085 27
1259 202 13
330 119 78
578 7276 47
2231 310 9
2036 6194 7
1144 1627 42
917 862 17
917 434 85
2815 9548 20
1179 119 13
65 1375 27
4196 2242 26
1285 2565 27
3484 2046 13
3484 32 13
6629 805 7
626 2641 174
826 2678 47
5675 382 48
992 1260 13
5658 4522 20
6615 9825 18
1253 7327 71
1253 4362 71
1253 3938 71
375 2592 20
53 6480 101
53 9716 22
53 62 25
2300 3026 7
6209 6806 27
4341 1164 13
4130 804 45
5222 10993 6
1968 2330 27
484 2088 89
2090 3028 29
2015 2550 195
3068 6436 20
2086 5179 42
7415 9178 168
7415 9534 168
3183 12297 22
607 626 69
4432 959 138
513 4353 35
2855 540 24
4638 10351 20
3826 1876 7
2668 141 43
982 2421 7
982 1876 7
595 4727 71
5649 2792 66
1695 2436 18
1754 9331 29
1754 99 29
3248 4880 2
2780 4653 148
1857 4626 7
869 818 17
377 2625 7
7160 2565 20
1049 9150 10
4688 11568 45
1198 1171 10
2687 2166 76
475 7261 32
3782 270 30
588 10998 22
7467 57 23
739 9171 7
506 571 92
101 1260 13
3659 967 17
2998 8489 7
2012 2881 174
1259 1304 13
945 1059 73
2115 3794 13
4656 1121 19
39 666 7
4963 2296 7
4649 8346 7
6333 1896 6
3201 8998 7
447 4677 22
2815 3797 20
6629 780 7
4998 27 13
5664 818 17
3577 32 48
6604 6604 2
992 3485 13
3646 5319 10
993 2550 195
2658 7371 7
1562 795 18
2248 3265 7
906 657 31
6615 8062 15
1253 9008 71
375 1000 20
1189 6972 20
6209 4315 27
4130 2960 19
527 62 25
484 1247 89
631 1994 10
9150 3070 27
865 136 31
4208 60 17
2015 774 118
3408 12809 15
3068 3629 20
3183 13218 101
7466 160 100
3228 5816 47
3228 10223 47
87 10718 32
3826 4795 7
2388 13830 15
1201 2046 13
2222 32 48
1468 3343 3
1489 4059 7
1754 181 29
3813 2169 92
579 66 27
2780 10494 122
2965 10144 92
2168 331 13
3179 204 7
2429 7065 20
69 2065 7
18 7169 75
1276 626 72
3016 4472 76
3016 11163 76
177 6861 6
475 1605 32
2693 6979 20
2693 1817 20
2693 948 20
3782 4474 13
2037 2363 19
588 1720 22
502 1257 7
502 5032 7
2769 4253 29
4055 11342 50
14 6275 7
587 7380 89
2459 7142 82
4044 1271 9
2578 5323 68
2998 7144 7
5613 6277 66
358 6599 27
330 119 15
3780 2239 29
6580 1769 47
3295 4563 212
917 5496 66
65 81 27
4645 5030 92
2317 3276 32
2881 637 29
2881 8307 29
826 1815 7
2610 6170 7
2773 7933 7
2016 32 48
1562 10318 15
805 1705 13
1253 7868 71
4341 4 31
3481 1260 13
2351 599 10
5382 4161 27
4388 11195 19
1968 4340 27
632 4905 65
631 9728 10
299 853 157
482 7355 32
3068 4567 20
7466 8289 6
43 13325 94
98 190 37
513 4331 35
2128 5439 6
4638 7714 20
4638 11174 20
3826 906 7
7030 90 60
285 315 7
4468 7336 94
7265 2083 22
595 11182 71
5491 9246 27
2875 5206 27
1704 3590 13
1014 6175 37
1195 119 13
1743 6385 116
240 577 7
579 8518 27
270 5020 7
270 2744 7
2563 7040 6
327 5900 7
2168 6157 13
2168 5334 14
3663 4869 20
3179 7422 7
1971 1260 13
2429 3105 20
2429 8209 20
69 5492 7
7213 287 13
1276 626 69
2146 12824 19
475 3351 32
2693 8981 20
1536 6054 6
3782 2282 13
2719 1245 41
588 4406 22
4055 9427 50
2017 2192 182
2578 6673 68
3250 2655 7
1513 5945 7
3794 420 62
831 504 20
2100 11098 47
6580 6315 10
2815 2657 20
2344 1179 7
6629 7274 7
6629 7719 7
826 4499 7
5010 2149 19
6604 494 91
1562 2436 18
805 3028 13
2248 6849 7
2147 9291 77
2147 3744 6
2523 3745 92
1253 2355 71
1253 10070 71
1189 2632 20
1189 213 20
53 4677 22
4341 1314 31
2544 137 42
527 141 43
745 1002 17
1039 46 19
4208 2123 17
2733 9178 29
3068 951 20
7415 4300 168
3183 6854 101
3183 7515 22
607 774 118
3169 2280 22
279 2149 19
98 3464 37
513 6243 35
1234 2437 15
1642 5905 32
3373 13948 15
2002 862 17
982 6807 7
5649 6907 6
1743 75 13
240 10017 7
579 5263 27
2563 862 17
999 8775 7
1857 966 47
1971 7044 136
3127 7488 2
69 4190 7
2116 805 7
377 3378 7
2600 632 72
4393 7849 6
2687 9927 76
1830 622 29
2053 1148 19
2053 9488 19
7274 993 13
502 6170 7
2028 7685 20
14 12900 7
2017 233 10
2578 11843 68
4726 5460 30
5065 32 48
2031 3026 7
330 382 78
2369 2517 182
5144 1277 9
4656 141 43
2036 7599 7
2739 302 73
3989 8139 157
77 4863 7
3201 9433 7
1179 1405 13
313 8801 7
4196 308 13
1193 5311 6
2610 2516 7
5010 8190 6
2773 3580 7
1808 9492 7
1840 3186 27
7733 212 75
5910 5460 19
557 60 17
3481 2046 13
5222 434 85
527 6819 19
484 10289 89
632 2511 65
9150 5930 27
4208 215 17
2733 9372 29
2733 62 25
7415 99 168
3228 9884 47
3228 1447 47
594 11007 140
98 6159 37
1277 12527 92
1754 6150 29
270 5923 7
2168 293 13
6046 4221 6
1971 293 13
1049 358 10
1938 129 32
2693 4581 20
2693 3629 20
1536 333 19
1830 816 29
2053 1327 66
588 3118 22
4061 862 17
2028 6953 20
4055 12508 50
14 5873 7
2578 4564 80
2578 2651 68
2578 872 68
2578 8198 68
101 1164 13
3939 6170 2
330 12085 15
39 618 7
2521 5002 6
4649 544 7
3201 3357 10
1179 64 26
3484 32 28
6629 1257 7
6629 6275 7
5263 4620 19
4998 3480 84
2658 6807 7
4069 308 13
1990 6758 10
2324 3775 6
1253 8522 71
3046 9603 235
4341 1022 13
1705 2722 72
1968 2110 27
1039 37 8
3408 11101 15
3068 6191 20
3068 3665 20
1845 6773 42
7415 890 168
3169 12331 22
3169 12505 22
87 3646 19
98 2978 37
98 10168 37
513 3840 35
4638 7576 20
179 4333 7
7265 2824 22
3400 215 17
642 3385 19
595 5950 71
595 5162 71
2875 9509 27
1195 75 13
6046 1021 6
3179 817 47
69 4482 7
7213 1304 13
1126 7074 7
4295 259 46
4295 6308 32
6449 983 7
2687 4909 76
475 2634 32
5374 1080 28
1467 6590 188
1357 2637 38
588 2371 101
588 10256 22
14 906 7
2578 8082 68
101 1058 13
293 57 23
2187 141 43
1259 1361 13
2215 8848 6
1280 8125 94
390 8352 6
2912 8355 42
2912 1732 92
261 10208 47
4649 6044 7
3201 746 7
3201 7600 7
313 2425 7
2344 797 7
826 3887 47
2684 5125 30
805 9534 13
5658 2423 20
1840 5930 27
906 160 14
3554 9087 15
53 9305 22
3481 11307 14
527 1415 17
1171 5220 27
2090 331 29
299 7467 157
7415 5001 168
7415 4253 168
7415 1087 168
3183 10394 22
3169 1481 101
3169 10441 22
2379 2351 19
2810 929 19
98 274 37
394 327 19
179 703 7
7265 1026 22
3400 598 19
5491 3836 27
1489 1888 7
1489 1147 47
1014 1065 37
1014 6489 37
711 5794 7
579 9866 27
4842 382 152
838 7552 7
3179 3743 47
6123 14421 15
69 7213 7
1685 7492 134
3324 2027 71
6449 7630 7
1031 6992 42
2193 2572 6
2263 2604 6
3016 43 199
499 3143 7
1357 285 19
1830 6411 29
2037 243 17
2017 65 10
4726 10156 155
101 7467 13
5065 818 17
233 1055 27
3795 6851 82
831 7530 20
3295 249 66
447 2736 101
2815 5383 20
2815 4127 20
65 3346 27
3484 75 13
1147 967 17
826 6877 47
1248 7803 7
2773 1971 7
5675 483 19
4500 4162 9
805 1585 13
940 2780 224
2147 2886 6
3554 6851 18
271 92 13
2319 776 19
1022 1914 73
1022 3964 23
1189 6913 20
53 13417 22
6209 1328 27
6555 1197 8
3481 1934 13
5382 5886 27
4388 141 43
484 8425 89
2792 2528 18
299 9174 157
3068 11172 20
3028 1914 73
7415 1744 168
3183 6121 22
8086 23 11
2522 3078 45
2522 3864 6
98 8139 37
98 11589 37
2128 2031 19
2855 4727 8
4638 8568 20
3826 8459 47
3373 13386 15
7265 256 22
2948 789 181
1014 12836 37
1195 5209 13
1061 2076 66
999 6011 7
4842 7908 69
2168 1260 13
6123 14312 15
69 4863 7
7213 3240 230
377 9518 7
1071 6460 7
1031 5134 92
2193 469 6
3016 5607 76
3016 8575 76
499 8314 7
3782 1682 13
7274 1304 13
7274 3028 13
7371 1682 13
154 2802 6
502 5492 7
3973 7411 19
3973 1271 177
386 6260 8
386 384 43
4044 5417 42
4044 2660 9
5387 862 17
39 5398 7
5237 6490 63
1174 179 19
3780 3474 29
2100 5928 7
6580 4364 7
2815 5603 20
4338 4 31
5010 2006 17
992 1394 13
2658 8129 7
1562 9814 15
289 1771 82
805 7044 136
3554 2436 18
2966 2644 75
1253 3078 71
3352 7214 2
2351 3845 7
1171 2681 27
1171 4366 27
1039 862 17
726 1939 9
2565 3112 19
30 559 19
30 1443 6
7415 5172 168
5987 8428 17
3183 1493 101
1585 302 73
3228 9989 47
4432 434 85
87 1959 32
4638 3261 20
285 500 7
285 3300 7
3373 12244 15
483 9778 7
7265 8171 22
5650 2965 9
2644 7767 42
982 6004 7
595 178 71
1704 1080 13
1468 9557 6
1489 315 7
1014 518 37
1754 1837 29
999 7539 7
2083 1002 17
2083 1693 6
327 394 47
3127 1364 207
1126 10114 7
3324 13856 214
2263 862 17
4513 6439 38
499 4857 7
499 3174 7
2687 6284 76
3444 12154 6
3032 384 43
1536 7024 6
588 3613 101
2465 9246 27
386 862 17
14 3479 7
2459 2231 41
739 4382 7
1987 6658 75
4044 9603 235
2578 4143 68
2187 3548 6
3655 525 38
1280 1718 69
1676 4637 92
5237 4334 63
261 7781 7
3201 3958 10
1179 1340 13
313 712 7
4825 10486 6
4998 494 26
289 1126 19
5658 10219 20
1990 3202 182
1990 9385 10
1253 5533 71
1253 10005 71
1253 5797 71
375 10596 20
6209 788 27
407 32 48
5222 4027 8
4388 1665 85
632 1928 157
2090 2734 29
2733 68 29
2733 3827 29
2879 791 120
360 4594 38
3408 8810 18
3068 11819 20
3068 6298 20
2565 1002 17
7466 818 17
3169 5836 207
2379 1415 17
98 1379 37
2892 333 19
982 2168 7
5491 3992 27
2055 791 120
1014 3120 37
579 3847 27
1857 5534 7
2168 2948 26
3663 8441 20
3179 4779 7
1126 9848 7
1126 9492 7
6449 7577 7
6449 4057 47
1071 7996 7
6398 1729 3
2263 5182 19
3016 4269 76
4513 8513 6
499 1581 7
475 9522 32
2693 6435 20
2037 601 19
2028 13295 20
4055 8606 50
4563 4262 55
739 3224 7
101 274 13
3250 6714 7
578 1621 47
817 3179 19
817 2607 66
39 8735 7
3794 209 23
5237 5266 63
205 2406 20
2100 5115 7
917 2424 17
3201 6820 10
65 5523 27
284 4563 212
326 2475 6
324 5924 15
1147 215 17
1800 5651 59
2773 1193 47
1663 3241 19
1663 2976 8
545 7686 7
4069 4468 13
4069 68 13
805 747 115
2248 8002 7
4093 559 19
4341 4488 31
2935 3558 7
6736 4468 13
7415 3028 168
3169 1128 22
