525
2279 130 71
2279 9410 71
4709 8227 189
1017 893 7
1330 8649 89
4413 7191 63
4413 13953 63
4413 8034 63
3181 11357 89
1019 8574 112
1019 11587 89
2153 3308 7
2250 7234 2
367 1075 6
2394 420 62
636 221 32
536 10531 47
4709 7940 112
4709 8919 89
1330 872 89
3181 842 89
1019 8812 112
1019 10195 89
2153 6861 7
419 2939 94
106 4963 19
944 274 29
601 6732 7
601 7371 7
2394 1718 72
636 4465 32
636 410 8
186 1127 19
2149 3520 7
2149 7966 7
4709 2963 89
3181 8539 89
1794 11053 2
1794 1888 59
2700 9863 92
1019 14114 112
2003 3958 10
2960 9171 7
1806 2438 154
1083 7290 42
2091 57 23
2636 118 7
2149 2744 7
2149 6011 7
536 3203 10
46 8157 7
46 1655 7
200 8525 20
1340 2864 72
1340 420 62
1017 9000 47
1330 10134 112
1330 273 89
1330 7112 89
4413 268 63
3181 6590 112
3181 2959 89
1148 4323 7
1794 10920 2
3095 6291 130
3452 6436 42
2003 9518 7
1250 3913 7
1302 275 69
2085 4776 42
1130 5782 2
2149 5845 7
2149 11336 7
2149 9151 7
2279 2008 71
1921 10690 47
1330 6270 89
4413 796 63
4413 4251 63
4413 1283 63
1148 7461 7
1019 3549 89
1019 11768 89
2370 594 188
419 910 69
2091 4494 0
601 8215 7
2149 703 7
2149 3735 7
1361 420 62
46 3617 7
46 12744 7
1017 1704 7
1017 440 7
1330 4423 89
3181 10476 89
1794 10967 2
2046 57 23
1019 7910 89
1019 6263 89
1019 3834 89
2153 552 7
2006 2006 228
2250 7520 2
1302 302 73
601 1018 7
636 8720 207
2279 2539 71
536 3348 10
200 8947 20
200 1135 20
4709 6579 112
4709 2715 89
4709 2999 89
3181 7083 89
929 2508 7
1917 928 159
1019 9330 89
2003 9479 7
2003 9519 7
2370 1800 188
2250 2838 2
2250 3254 2
944 890 29
1802 8252 7
186 9080 38
2279 8740 71
2279 792 71
2279 10078 71
1017 2288 7
1330 2089 112
1330 11751 89
4413 10529 63
3181 5994 89
3181 9406 89
3181 1604 89
1794 3957 2
1794 469 59
1019 2844 89
2003 4698 7
2269 10404 66
2153 5753 7
419 3706 69
2250 3865 2
2250 6471 2
479 889 92
636 8448 32
186 285 19
186 2149 19
186 9080 6
2149 958 7
200 6662 20
1017 118 7
929 10466 7
1019 1770 189
2153 9557 7
1250 3060 7
944 158 29
601 7027 7
186 10783 6
2279 3712 71
46 1896 7
200 5277 20
1921 1308 47
929 618 7
1137 7734 10
1019 10961 89
2370 774 118
19 10528 235
1806 7890 15
1250 4655 7
106 1965 19
106 4250 6
2250 5700 2
2250 3894 2
2250 6324 2
944 8461 29
2085 6090 92
601 2789 7
2394 4494 0
2636 8175 7
536 2539 47
4709 8073 89
235 10452 154
1330 5308 89
1917 3950 38
1137 6315 10
2003 2580 10
2153 6374 7
106 3826 19
106 2610 19
2085 8148 92
1130 3479 2
2636 5900 7
2149 4691 7
2279 2007 71
4709 5084 89
1017 2495 7
1330 10108 112
929 753 7
1148 1266 47
1794 5389 2
1794 1452 2
2153 4266 7
2153 551 7
2149 5374 7
200 3916 20
1017 2144 7
1652 62 25
2700 1461 75
3452 969 75
3452 1756 75
2003 10665 7
2370 7816 140
2960 4070 47
1806 7968 18
2250 1890 2
367 5684 6
46 5614 7
46 4600 7
1330 7338 89
3181 10134 112
4474 2550 195
1019 11197 89
19 7279 42
2153 1399 7
1929 11756 130
2736 3032 140
2250 1505 2
944 1131 29
636 9504 32
2149 2699 7
2149 5846 47
4709 11537 112
4709 11450 112
4709 7631 89
1017 2115 7
1017 4465 7
1330 4796 89
4413 13467 44
3181 5084 89
929 7542 7
1794 9319 140
1917 4272 38
2003 5966 7
2003 2870 7
2269 2820 19
419 2550 195
3726 1446 75
1250 3335 7
106 2031 19
2250 7221 2
2250 4798 2
2250 953 2
944 11310 29
1802 12252 7
186 90 60
2279 5720 71
46 7719 7
200 12859 20
4709 10289 89
4709 1567 89
4709 13412 89
820 4425 6
1921 5270 47
1330 2374 189
1330 3835 112
929 3910 7
929 5099 7
4474 11643 94
1794 10335 2
1917 1420 45
2003 1616 10
2153 1704 7
2153 3625 47
1250 8175 7
2250 7998 2
2250 5420 2
944 449 29
863 111 7
536 2920 7
46 2670 7
200 10356 20
1921 2784 47
1330 7698 112
1330 5916 89
3181 6055 89
1794 4319 2
1794 5461 59
1019 11875 112
1019 1563 89
1019 12923 89
1019 9486 89
1019 3557 89
1019 11844 89
2003 5742 7
2960 3678 7
2736 9402 140
2091 1922 148
2250 9226 2
944 1928 29
601 4857 7
1802 1864 7
2636 8609 7
186 1654 19
2279 12040 71
200 1375 20
4709 11104 89
1017 2766 7
1330 10394 189
929 728 7
1917 2460 102
2700 5562 92
2153 4338 7
2250 10909 2
2250 5690 2
2250 5085 2
367 5944 8
944 7752 29
2279 948 71
200 3610 20
200 3405 20
1330 4403 89
3181 54 189
1794 5288 2
1806 1551 58
2153 5246 7
1250 387 7
2091 3486 23
944 7385 29
186 1857 19
863 4795 7
863 4729 7
2279 4498 71
46 4341 7
4709 1331 112
4709 9163 112
4709 2402 89
1340 623 69
1017 9171 7
1330 8413 89
1330 8544 89
3181 11485 89
1794 11546 2
2700 1245 75
1019 12094 112
1019 12454 89
1019 5476 89
2003 4473 7
2003 7300 7
1806 9223 15
944 92 29
944 8770 29
944 2069 29
1302 623 69
636 5966 32
636 5724 32
2149 7056 7
4709 9982 112
1017 6652 7
3181 10720 89
1794 2207 2
1917 3950 102
1019 7698 112
2960 6023 7
367 2986 45
944 1576 29
944 2515 29
944 8791 29
60 12435 181
2636 551 7
863 3828 7
863 3723 7
2279 4165 71
200 433 20
200 8047 20
200 13222 20
4709 8850 89
1652 1652 56
1330 6786 89
1794 5971 2
1794 3066 59
2700 2912 9
1019 8146 89
2003 10469 7
2003 9143 7
2153 3174 7
2250 5080 2
944 11006 29
2085 8216 92
601 70 7
1802 8494 7
1130 8848 2
2636 4192 7
2636 1774 7
2279 774 118
46 2228 47
200 5316 20
3181 8737 89
3181 7942 89
2960 5432 7
2269 2411 8
2153 656 7
1250 440 7
106 11626 6
2250 4480 2
2250 2264 2
601 1132 7
2636 2514 7
636 10648 32
186 559 19
2279 1629 71
2279 10494 71
4709 2885 89
1017 3893 7
1330 4054 112
4413 791 44
3181 10065 89
1917 1127 19
1019 2963 89
2003 6327 10
2269 8338 8
2153 5374 7
2153 4341 7
2250 2297 2
944 7080 29
601 3678 7
2149 3931 7
2149 8192 47
4709 12594 89
1017 7977 7
3181 10923 112
1148 5074 7
1794 4267 2
2046 2550 195
1019 8434 89
1019 2291 89
1806 12636 15
2272 9002 70
601 6390 7
2636 3479 7
2279 7232 71
536 3363 10
4709 2173 89
1340 8539 15
1017 2744 7
1017 6619 7
1794 5532 2
1917 4282 102
1019 9163 112
2003 1143 7
1260 420 62
2269 6243 66
2153 527 47
419 1913 69
1250 4381 7
2250 602 2
2085 7615 92
863 5438 7
200 4359 20
1017 2670 7
4413 13953 44
1019 2526 89
1019 8919 89
1019 7639 89
3452 504 42
2003 7040 7
2003 296 7
2960 1731 7
2091 1264 148
367 90 60
2085 6716 42
863 9479 7
2279 5187 71
1361 2620 154
200 5134 20
200 2951 20
3181 12060 89
1148 3601 47
1019 2665 89
2003 3044 7
2960 10523 7
19 7797 92
640 5122 69
419 2722 72
2091 4136 23
2250 6968 2
2250 6265 2
2250 3723 2
944 7429 29
2279 7115 71
2279 4829 71
4709 8006 89
1652 4005 220
4413 918 63
3181 11752 112
3181 6557 89
1917 1846 19
640 8969 59
1260 4494 0
1260 7161 69
2736 6822 140
2272 3493 2
2250 9364 2
944 7133 29
944 8139 29
2085 2350 42
2636 7236 7
2279 4688 71
2279 2524 71
4709 5421 89
1017 4473 7
1921 2686 47
3181 4074 89
3181 1957 89
1794 8872 140
1137 5076 10
1019 11752 112
1019 4002 112
2153 7701 7
3726 12597 92
2250 6848 2
601 4181 7
479 8071 42
2636 5200 7
