246
32 3991 15
32 13586 15
32 8166 87
138 9161 42
138 10342 42
117 5130 130
434 7133 161
434 6423 161
434 14477 161
434 12189 161
382 2357 18
32 4286 15
32 13170 87
32 13021 87
138 9916 42
138 6667 42
434 12007 161
434 1269 161
434 10789 161
434 1551 161
382 10102 15
382 14222 15
32 12511 15
32 5980 15
138 6189 42
434 10157 161
434 2780 161
4 3833 2
592 2438 154
32 11849 15
434 961 161
434 11115 161
434 3612 161
32 11745 15
32 13087 15
434 5138 161
434 2091 161
382 7433 2
32 4632 15
32 2588 15
138 1903 42
138 7965 42
138 1206 42
399 8673 130
434 1263 161
434 11511 161
592 9303 122
32 6645 15
32 9019 15
32 10846 87
32 13313 87
32 9614 87
32 13541 87
138 3896 42
138 3934 42
138 4158 75
382 4691 2
32 11291 15
32 8663 15
32 7409 87
32 4248 87
138 8412 42
138 7179 42
160 5349 70
434 7089 161
434 13263 161
434 10762 161
434 4557 161
382 8759 18
32 6670 15
32 11062 15
32 1466 15
32 11938 87
32 12286 87
32 6132 87
138 614 42
434 14423 161
434 12946 161
4 7616 2
382 6546 2
32 5917 15
32 4796 15
32 8000 15
32 13092 87
32 13588 87
32 7029 87
32 10952 87
138 1529 92
434 12355 161
382 13422 15
382 4494 0
32 6576 15
32 5799 15
138 9812 42
434 9164 161
434 10697 161
382 9760 15
32 7002 15
32 7839 15
32 1 0
32 622 218
138 6140 42
138 2029 92
434 10443 161
382 10834 15
382 11300 15
32 9172 15
32 12659 87
32 6885 87
138 1025 42
138 6574 92
434 2667 161
434 13216 161
4 157 2
382 14439 15
382 3409 15
32 7673 87
32 10882 87
434 3160 161
434 8426 161
382 4712 15
32 8570 15
32 13397 15
32 3935 15
32 11655 87
32 9087 87
32 11553 87
434 12359 161
4 7907 2
382 14037 15
32 11093 15
32 11233 15
32 11184 15
32 14077 87
382 7236 2
32 7921 15
32 9330 15
32 12600 15
138 1740 42
382 14303 15
32 10117 15
32 4525 15
32 11048 15
32 11197 15
32 8167 15
32 13099 87
32 12271 87
32 2706 154
434 11912 161
382 14068 15
382 10149 15
32 10379 15
32 10476 15
32 10082 87
32 11433 87
434 9432 161
434 12286 161
434 14218 161
382 3964 23
32 7296 15
32 5051 15
434 14094 161
434 10954 161
4 452 2
32 12924 15
32 13883 15
32 6674 87
32 12233 87
32 9644 94
138 9437 42
138 12144 92
138 6733 92
434 2068 161
4 1731 2
9 13773 130
32 6305 15
32 12007 87
32 1750 87
32 11740 87
32 8909 87
138 12859 92
434 9564 161
434 4231 161
434 5949 161
9 13197 130
32 11132 15
32 13578 15
32 8198 15
32 7058 15
32 11877 15
32 13105 87
138 7768 42
4 1549 2
32 4011 15
32 3717 15
32 13723 87
32 11394 87
138 7767 42
138 9040 42
138 2863 92
4 1210 2
4 1892 2
32 9224 15
32 697 87
117 8417 130
160 2121 70
434 3627 161
434 4706 161
434 1806 161
4 1608 2
32 13994 15
32 8266 87
434 12935 161
434 12922 161
4 9590 2
32 7890 15
32 11743 15
32 6358 15
32 4287 15
32 12013 87
32 89 87
32 13299 87
138 7065 42
138 1042 75
138 10219 92
399 13247 130
434 3890 161
4 3617 2
592 6025 148
32 9666 87
138 5659 92
434 8373 161
434 11147 161
434 11529 161
4 11713 2
382 13244 15
32 10301 15
32 3063 15
32 9691 15
434 4591 161
434 8528 161
4 8129 2
382 4842 152
382 11319 15
32 4718 87
117 13504 130
