373
1124 14037 15
1124 13245 15
985 897 42
1327 105 15
212 3940 42
559 7300 7
1546 2543 42
1546 5948 42
1546 5030 92
1546 3419 92
236 8153 63
236 6791 63
236 6991 63
1002 4879 211
181 13288 15
1080 10505 94
1124 249 15
985 2029 92
139 8676 9
1546 4307 42
1546 6806 92
236 9174 37
274 1713 0
637 1418 69
570 1742 42
211 8024 42
1080 2143 72
268 5438 32
268 10747 8
236 4403 63
236 8312 37
570 5964 92
181 14231 87
1080 1913 69
1080 1164 58
1124 501 15
1124 14222 15
985 8030 42
985 3234 42
559 1658 7
1546 6958 42
1546 8815 92
1546 9717 92
1546 7196 92
1546 5274 92
1934 12626 222
570 8960 42
570 6947 92
211 7196 92
119 13832 15
1080 7228 15
985 8815 92
985 9307 92
139 2439 75
139 1144 75
212 12884 42
236 11431 63
570 12223 92
211 12214 92
1121 6460 7
1121 458 7
181 1418 69
268 4427 32
268 618 32
985 13222 92
985 10144 92
212 4406 42
212 8148 92
212 10462 92
212 8718 92
1546 1757 42
1546 5951 92
1546 6845 92
1546 5925 92
236 10195 63
236 9540 63
236 12449 63
236 4575 63
236 12512 63
236 9178 37
236 1280 37
274 7408 69
570 5220 92
570 10356 92
211 7884 92
211 9424 92
1121 4698 7
268 7480 32
1124 11125 15
1124 3839 15
985 1483 92
139 5477 92
559 8157 7
1546 2632 42
1546 6356 92
236 6531 63
236 2845 63
236 12202 63
236 12654 63
236 6624 63
236 1058 37
236 10167 37
570 1096 42
570 3995 92
211 9961 42
985 7850 92
212 4514 92
1546 4955 92
1546 9761 92
236 4403 44
236 7536 63
274 14353 15
570 3896 42
570 9349 92
570 9863 92
119 13598 15
1121 3170 7
1121 8336 7
181 626 69
1046 449 152
268 1504 32
985 4307 42
212 2712 9
1546 369 92
236 3679 44
236 11371 63
274 7161 72
1121 5486 10
1121 21 10
1124 1633 15
985 1859 92
658 9068 2
212 1951 42
236 5880 44
236 11275 44
236 13397 63
236 6675 63
236 3590 37
1121 7603 10
181 2224 15
985 5640 92
985 5518 92
1546 9182 92
236 928 44
274 1059 73
274 7161 69
570 12756 92
1121 3252 7
1124 9703 15
1546 9983 92
1546 10356 92
570 919 42
570 7501 92
181 1914 73
1327 6025 148
139 7991 42
1546 3570 42
236 14060 44
236 2015 37
274 8076 15
119 14083 15
1124 9109 15
985 9126 42
985 12859 92
212 4443 42
212 1920 42
212 6494 42
212 6716 42
1546 3165 92
1934 7572 15
236 7046 44
236 6812 63
1121 2115 7
181 10733 15
1046 7083 15
1046 2266 69
1546 9424 92
1546 6706 92
236 11061 44
236 756 63
236 5592 63
236 12088 63
274 1771 18
570 5164 42
570 2701 42
211 4193 92
658 1301 2
559 6170 7
1546 10878 42
1546 1375 92
1934 420 62
236 6411 37
637 9047 152
211 6102 42
1121 6045 10
181 3964 23
181 3486 23
181 774 118
181 12131 94
1124 13546 15
985 11268 92
658 563 2
212 6197 92
559 7671 47
1546 7875 92
1546 1732 92
236 4644 63
570 6105 42
211 2686 42
268 2973 32
1124 10065 15
985 66 42
985 1076 42
1327 11317 15
139 6931 42
212 6419 92
1546 968 9
1546 5582 92
236 12817 44
570 6330 42
570 319 92
1121 7470 7
1080 6186 72
1124 11023 15
1124 10344 15
985 14008 92
236 2877 63
119 302 73
1121 1484 7
181 6613 69
268 7261 32
212 10743 42
559 1018 7
1546 8333 92
236 8308 63
236 1361 37
570 7301 42
570 11928 92
1121 6167 7
181 1120 15
1080 13931 15
1928 302 73
1124 6227 15
985 7269 42
212 10308 42
212 12139 42
559 7577 7
236 10402 44
236 2775 63
274 13801 15
211 7373 92
1121 7027 7
181 866 15
1928 11515 15
268 2830 32
268 4346 32
1124 12314 15
212 5203 42
212 10278 92
559 296 7
236 1853 44
236 5514 44
236 6632 63
236 10214 63
637 1405 152
211 10462 92
211 5957 92
119 14390 15
1121 4092 7
1121 3116 7
1121 2322 47
181 12635 15
985 1215 42
985 8592 42
985 8356 92
985 11646 92
658 2318 2
212 8895 42
212 7733 75
212 4446 92
559 4487 7
1546 7334 42
236 588 63
236 5685 63
236 8754 37
211 5562 92
119 4217 94
1121 3276 7
1124 6817 15
985 828 92
985 7779 92
658 11041 2
1546 9480 42
1546 9356 92
236 9524 44
236 9235 44
236 9630 63
570 4685 92
211 1612 42
211 4373 92
1121 7300 7
1121 9419 7
181 10575 15
1080 382 152
1046 1713 0
268 12410 32
1124 3050 15
1124 13810 15
1327 2016 122
1327 5619 15
212 5957 92
559 1012 10
1546 8874 92
236 2526 63
236 2844 63
236 4949 63
236 9338 63
274 7550 122
570 6090 92
211 1791 92
1121 2699 7
1121 5260 7
1121 468 10
1046 3486 23
1124 1913 72
1124 12428 15
985 3167 42
985 3602 42
985 5239 92
212 6334 42
559 2878 7
1546 7501 92
236 1767 63
570 8209 42
211 1359 42
211 9824 92
211 7530 92
1121 8454 7
1121 8779 7
1121 4272 7
1121 4826 7
1546 7991 42
1546 7833 42
236 1497 63
236 10726 63
236 5348 63
236 340 63
274 7607 139
570 2965 9
985 2662 92
236 10525 44
236 3657 63
570 1483 92
570 7945 92
1327 5396 15
212 5714 9
1546 6596 92
236 8968 63
637 10456 15
570 8148 92
211 2029 92
1121 3950 7
181 795 18
268 6151 32
985 6189 42
985 12756 92
1546 431 42
1546 10455 42
1546 5345 92
1934 4494 0
236 2981 44
211 1375 92
181 420 62
