493
1718 8277 157
1718 10168 157
441 1195 32
441 5044 32
441 4295 8
371 8420 7
1304 209 23
706 10376 89
356 7603 10
410 1608 32
410 6028 32
2556 7991 42
1654 6031 7
1062 1132 7
1566 2844 89
1566 3063 89
2121 13298 152
622 4904 69
529 11588 20
1060 4384 7
441 4940 32
908 8003 7
706 9764 112
706 6998 89
879 282 71
410 8923 8
1062 1897 7
1566 7436 89
1566 11397 89
1759 1122 7
529 11384 20
529 3405 20
529 713 20
1060 3357 10
1060 6327 10
371 2115 7
371 6825 10
908 1892 7
2282 8303 69
1566 975 112
1566 340 89
1759 6825 10
598 3744 7
622 3766 15
597 11417 92
441 7636 32
441 3265 32
356 1322 7
356 1784 10
1501 5945 7
1501 7641 7
879 5347 71
1245 9757 42
1300 5030 92
2121 10167 218
598 3400 47
598 2756 10
529 10256 20
441 148 32
908 3314 7
706 2999 89
356 6374 7
1501 11715 7
1501 6406 10
879 9237 71
879 4198 71
879 1147 71
410 3274 32
1654 4572 7
1062 1335 7
310 5220 92
1566 6847 89
1566 12867 89
1759 8314 7
928 639 32
598 2168 7
622 6186 69
908 6502 7
706 8413 89
706 12047 89
879 7556 71
1062 4323 7
1566 4825 189
1566 11184 89
1566 1953 89
2121 2550 195
529 3570 20
529 7737 20
529 1512 20
1469 11455 10
1060 5772 7
853 57 23
597 10824 92
908 1256 10
706 5611 89
879 10637 71
879 4656 71
879 10917 71
410 1132 38
410 3344 32
1654 1403 10
1062 6820 10
1164 2550 195
1759 2977 7
928 10114 32
210 4514 92
529 6387 20
1060 551 7
597 11695 9
371 2655 7
706 1331 112
356 9795 7
879 6475 71
879 9555 71
879 6764 71
2556 5350 42
1566 3161 89
1300 3234 42
1300 3077 75
1060 3335 7
1060 9696 7
1060 3097 47
1060 4781 10
1718 9177 157
441 4033 32
441 4125 32
371 3950 7
706 4873 89
1654 448 7
1756 137 42
1759 9119 10
1759 6066 10
928 374 32
928 6472 32
1060 2714 7
853 910 69
371 1195 7
371 4411 7
706 8681 112
706 5502 89
706 8082 89
356 7056 7
2282 7495 69
879 10622 71
879 11869 71
879 12904 71
879 4204 71
1654 9639 10
1062 6758 10
310 2231 9
310 18 75
310 2712 75
1756 792 42
1245 726 75
1566 8400 112
1566 7727 89
1566 1977 89
1834 12505 42
928 4023 32
529 10936 20
529 9341 20
529 6298 20
371 6390 7
706 3549 89
706 9888 89
356 1668 7
1501 1755 7
879 10551 71
410 2724 38
410 5315 32
1062 5567 7
1062 12396 7
1566 1924 89
1834 7871 42
928 7299 32
210 2880 42
371 1784 10
908 3238 7
706 6614 89
356 2763 7
1501 7602 7
1501 4431 10
879 6203 71
410 381 32
1756 2662 92
1164 1771 18
1566 7841 189
1566 5334 112
1566 6614 89
1566 9958 89
1759 6782 7
928 7164 32
598 2229 7
529 7298 20
529 2350 20
1469 4370 7
1060 10804 10
853 4136 23
441 737 113
441 8100 32
441 3566 32
706 5463 89
706 5994 89
706 7727 89
356 10665 7
1501 3005 10
2282 5789 0
879 6759 71
1654 5995 7
1062 1838 7
310 1590 42
529 7519 20
441 5900 32
371 1833 7
908 3202 182
706 4071 89
356 5936 7
356 1616 10
1654 4574 7
1062 2229 7
1062 3357 10
1164 1080 58
1566 6365 89
1566 7316 89
928 2240 32
597 12527 92
371 7093 7
356 109 7
356 9778 7
879 11004 71
2556 8054 92
310 5383 42
1164 7149 69
1566 2088 89
1566 7939 89
598 8488 7
210 1244 75
1060 8314 7
1060 9853 7
706 12094 112
706 8311 89
1501 5908 7
1501 8175 7
879 312 71
2556 2350 42
1062 2072 10
1756 3452 75
1566 2889 89
2121 3573 218
1759 5626 10
928 3783 32
598 259 67
908 643 7
908 9766 7
706 6639 89
1501 1540 7
879 7865 71
879 10264 71
1062 8678 7
1062 3170 7
1062 12861 47
1566 1493 112
1566 12094 112
1566 4071 89
1834 11552 42
598 11659 7
853 75 152
441 2333 32
441 5305 32
908 8155 7
706 8362 89
356 6620 7
879 2042 71
879 1917 71
879 4210 71
1062 1399 7
1566 3262 189
1566 11751 89
1759 659 7
27 4494 0
529 2985 20
1469 6962 47
1060 6946 10
597 9216 92
706 3145 112
356 9290 7
356 5486 10
1501 5050 7
5334 2239 70
879 8306 71
879 461 71
879 4222 71
879 8108 71
1566 13833 89
1566 11430 89
1300 9957 42
1759 1896 7
1759 4121 10
598 5923 7
1060 6502 7
597 11421 92
597 12223 92
410 1132 32
1566 6064 189
529 9975 20
1469 9025 10
1060 11314 7
1060 3081 10
853 14505 15
853 4494 0
908 1531 7
706 7669 89
706 3895 89
706 7942 89
356 2168 7
356 656 7
356 1614 10
879 10334 71
1654 148 7
1654 9617 10
1062 9681 47
1566 2933 89
1834 12862 92
928 5767 32
529 2784 20
1060 2176 7
1060 6406 10
597 7264 92
371 468 10
908 5626 10
908 4329 10
706 13412 89
5334 8576 70
879 6256 71
1654 1195 7
1566 12206 89
1566 872 89
928 2603 38
622 1059 73
622 3706 69
529 3007 20
597 10388 92
441 9986 32
441 4357 32
908 9639 10
706 8790 89
706 2901 89
706 6817 89
706 4029 89
356 5818 7
879 11313 71
2556 557 42
2556 589 9
1566 1954 112
1566 6566 89
928 6934 32
928 1971 32
529 4909 20
1060 11701 10
853 450 69
853 12254 94
1718 11491 157
371 7475 7
371 9203 7
908 6170 7
706 7991 189
879 248 71
410 5892 32
2556 3925 42
1062 9385 10
1756 5030 92
1566 2588 89
1566 4334 89
2121 8277 218
928 4929 32
928 4425 32
598 4729 7
529 6104 20
1060 1256 10
597 2657 92
1718 4300 157
441 3693 32
371 503 7
908 2591 7
706 6534 89
879 8158 71
2556 1986 9
1654 1614 10
310 10824 92
1756 3813 75
1759 6807 7
1759 8977 7
1759 7335 47
1759 1784 10
210 137 42
529 828 20
529 11838 20
1469 2920 7
1060 7431 7
1060 8779 7
597 7777 92
908 9778 7
706 3109 89
706 4026 89
706 4022 89
356 669 7
356 719 7
1501 2789 7
879 283 71
879 11602 71
1164 5122 69
1566 593 89
1834 2965 9
1759 4236 7
529 5600 52
529 4637 20
529 2094 20
1060 7659 10
706 5851 89
706 3515 89
706 4813 89
1501 5824 7
1501 6315 10
879 2060 71
879 8169 71
879 6387 71
879 10950 71
879 2606 71
410 3865 32
410 2724 32
410 636 8
1654 3308 7
1062 6149 7
1834 2863 92
1759 7235 10
928 1279 32
529 154 20
1060 2609 7
853 299 72
441 7699 8
371 2260 7
371 7309 10
371 6758 10
371 6066 10
706 2704 89
1501 656 7
879 2446 71
1756 8060 42
1164 7149 72
1566 447 89
1566 4286 89
529 1267 20
529 6334 20
1060 9175 7
1060 458 7
1718 2734 157
706 11324 89
706 4783 89
706 12867 89
706 8785 89
356 5626 10
356 4178 10
1501 11145 10
879 7604 71
2556 10624 42
1062 6671 47
1756 1969 42
1566 9565 89
1566 10578 89
1566 6991 89
1759 2229 7
928 13009 32
928 2962 32
441 1419 32
371 6820 10
908 5648 10
706 1820 89
356 7475 7
356 5492 7
2282 1916 69
879 4070 71
1654 9711 7
1654 6406 10
1756 2632 42
1164 2620 154
1245 2700 75
1566 1674 89
1566 9376 89
1300 1030 42
1759 3202 182
27 708 69
622 302 73
529 10244 20
