389
92 3964 23
1177 13544 89
1374 13295 20
1127 9767 7
1127 1843 7
931 5936 7
457 6502 7
457 8779 7
457 4333 7
457 6045 10
1271 4446 92
112 5580 7
112 2624 7
1044 13811 15
2820 5861 7
467 1210 7
467 7348 7
467 7869 10
1177 4029 89
1177 1090 89
1177 11768 89
1177 8073 89
1177 9579 89
1374 5239 20
1374 3591 20
1374 5596 20
816 2620 154
1314 3632 2
1314 4341 2
931 9519 7
457 7978 10
84 3716 2
112 9419 7
75 1914 73
1405 5397 221
2820 10248 7
2820 5737 7
2820 1868 10
1177 8213 189
1177 11074 189
1177 3285 89
1177 6786 89
1374 3610 20
1374 9927 20
112 83 7
1177 8765 189
1177 4330 89
1127 5992 7
457 5648 10
344 2431 125
1044 5249 15
1044 773 58
467 4013 7
467 6820 10
1177 6857 189
1177 6693 89
1177 5007 89
1177 9528 89
1177 5503 89
1374 9449 20
1374 198 20
1127 8902 7
1127 1917 47
1314 3124 2
68 302 73
112 7485 7
112 1223 7
226 1771 18
467 2229 7
1177 2272 112
1177 10555 89
1177 1416 89
1374 1545 20
1374 2784 20
931 5050 7
931 5119 10
457 2865 7
457 5076 10
249 9210 15
112 4341 7
1044 8000 15
1405 287 58
2820 2318 7
742 4850 32
742 62 25
467 7309 10
1177 6614 89
1177 5459 89
449 774 118
816 2143 69
344 5488 125
84 118 2
657 868 2
112 893 7
1044 8332 18
1177 8764 89
1374 123 20
1127 7371 7
68 420 62
2820 2970 7
2820 1079 7
742 5105 32
467 9102 7
467 1614 10
92 2012 69
1177 167 89
1374 11838 20
1374 8318 20
1127 9171 7
457 7602 7
457 6782 7
124 557 42
1405 12771 94
2820 3958 10
467 7630 7
467 3913 7
1177 11121 189
1177 14004 89
1177 353 89
1177 3991 89
1374 8691 20
1374 919 20
1211 8077 2
931 6934 7
457 833 7
457 11336 7
344 8579 125
84 296 2
2820 3276 7
2820 4338 7
742 1327 199
1177 7380 89
1177 4075 89
457 1403 10
124 1150 42
249 2880 122
1044 12058 15
75 11278 15
2820 2771 47
742 2642 32
467 4655 7
467 2908 7
467 1484 7
467 4667 7
467 8488 7
1177 11283 112
1177 2491 89
1374 1775 20
1374 8666 20
1374 8836 20
1127 5374 7
457 2260 7
457 3735 7
457 3975 7
124 2880 42
1682 1829 69
2820 1261 7
2820 1984 7
92 9376 15
1177 8644 112
1177 4632 89
1177 842 89
1177 8919 89
1177 11457 89
1177 1474 89
1374 6128 20
1374 10641 20
1374 917 20
1374 2958 20
331 1059 73
1127 1959 7
1127 2670 7
1127 6327 10
112 5246 7
1044 12541 15
467 815 7
1177 9835 189
1127 6315 10
931 4190 7
457 6194 7
124 6104 42
344 5876 125
68 3465 69
467 4062 7
1177 4423 89
1374 4443 20
1374 4688 20
1374 9216 20
931 3520 7
457 8155 7
1682 7908 69
84 4780 2
112 7152 7
112 10827 7
1044 6670 15
1177 6412 189
1177 8308 89
1177 1566 228
1374 4646 20
331 13374 87
1127 552 7
1127 669 7
931 4473 7
457 7869 10
344 9390 125
2820 900 7
467 1256 10
1177 4403 89
1177 8076 89
1177 10606 89
1374 8148 20
1374 1590 20
1374 3916 20
249 13604 15
112 2194 7
449 7150 152
457 7300 7
457 8904 7
457 5651 7
2820 1143 7
467 4798 7
1177 1767 89
1374 5630 20
449 4786 122
1127 656 7
931 4600 7
457 4519 7
1271 10457 92
124 744 42
84 7470 2
112 13792 7
834 3964 23
742 2066 32
467 1018 7
1177 6854 112
1177 8311 89
1177 12091 89
1177 11114 89
1374 1732 20
1127 8977 7
1127 6951 7
931 3344 7
457 2766 7
1271 11623 92
344 11498 125
68 2012 69
112 8293 7
467 1843 7
467 7603 10
92 382 152
1177 756 89
1177 5762 89
1374 713 20
1374 9957 20
331 13374 15
1127 4189 7
1127 3202 182
1271 959 92
344 8295 125
344 853 29
657 5185 2
1405 637 152
2820 3437 47
2820 4178 10
467 2405 7
1177 1534 189
1177 5466 112
1177 6305 89
1177 1578 89
1177 9128 89
1177 10578 89
1374 2995 20
1374 7403 20
1374 335 20
1374 8209 20
1374 1547 20
1374 5582 20
1127 6758 10
931 3562 7
1271 4044 9
124 7754 42
124 2523 75
249 3784 15
75 920 122
1405 13465 15
2820 6275 7
1177 8263 189
1177 13766 89
1177 11357 89
1177 5631 89
1374 7269 20
1374 4279 20
1374 2664 20
1374 4637 20
1374 1742 20
1127 9324 47
124 4776 42
68 11960 15
68 774 118
249 2034 148
249 5910 122
249 5054 154
112 6995 7
112 624 7
226 10803 15
2820 9696 7
1177 10065 89
1374 6667 20
1271 7587 92
112 5772 7
226 11550 15
2820 4364 7
1177 321 189
1177 10932 89
1177 13453 89
449 8770 58
1127 7630 7
1127 4650 47
1127 3357 10
931 1484 7
931 3759 7
457 4000 47
124 480 75
1682 7495 69
742 1542 32
467 1112 7
467 11065 7
1177 2088 89
1374 3070 20
1374 11350 20
449 14455 15
449 5427 23
1127 7719 7
457 7371 7
112 1047 7
1044 9124 15
467 3481 7
467 7978 10
1177 8015 189
1177 1473 189
1177 549 189
1374 507 20
1374 10219 20
1374 4529 20
1127 3116 7
249 7771 15
112 206 7
112 6337 7
226 44 18
2820 4322 7
1177 5377 89
1374 7298 20
449 1046 152
1127 3782 7
1127 1541 7
1127 2783 10
457 1950 7
344 293 29
84 2908 2
112 3252 7
1044 12487 15
92 2620 154
1177 11517 89
1177 6566 89
1374 8632 20
1374 8525 20
816 1059 73
931 1731 7
457 387 7
457 10804 10
1271 9349 92
1271 6596 92
75 11178 15
75 1913 69
2820 1615 7
742 2393 32
467 893 7
1177 4222 189
1177 7765 89
1374 1150 20
308 3465 69
931 6170 7
931 206 7
457 11830 7
68 1913 69
68 450 69
112 9068 7
112 11065 7
834 328 72
